0.010994588 -0.007540853 -0.003453619

-0.5362979 -0.3654413 0.6221551
-0.1321483  0.9304632 0.5678985
-0.8336195 -0.0262847 0.5389010

0.022710997 -0.015557451 -0.007153357

-0.39580848 -0.9598464  0.15603432
-0.04605443 -0.1410067 -0.98300137
-0.91717754 -0.2425119 -0.09675537

-0.012168504  0.010435940  0.001732483

-0.8019415  0.5929732  0.4657743
-0.5927257 -0.1600418 -0.7912755
-0.0746065  0.7891574  0.3961532

0.015603512 -0.009519347 -0.006084112

-0.4374007 -0.3049094 -0.4549608
-0.2224339 -0.9187974  0.7715983
-0.8713230  0.2506824 -0.4445747
